line1:
  joint_rpy: 0.0 -0.0 0.0
  joint_xyz: 0.0 0.0 1.0
  link_xyz: 0 0 0.5
  size: 1.0
line2:
  joint_rpy: 0.0012403094442561269 -0.9999997615814209 1.5693223476409912
  joint_xyz: 0.0 0.0 0.0
  link_xyz: 0.0 0 0
  size: 0.0
line3:
  joint_rpy: 0.0 -0.0 1.5699999332427979
  joint_xyz: 4.0 0.0 0.0
  link_xyz: 2.0 0 0
  size: 4.0
